242.983 243.906 244.690 245.364 245.950 246.464 246.918 247.323 247.686 248.013
19.405  19.413  19.419  19.424  19.429  19.433  19.437  19.440  19.443  19.446
8.763   8.745   8.729   8.715   8.703   8.692   8.683   8.675   8.667   8.660
5.936   5.912   5.891   5.873   5.858   5.844   5.832   5.821   5.811   5.803
4.704   4.678   4.655   4.636   4.619   4.604   4.590   4.579   4.568   4.558
4.027   4.000   3.976   3.956   3.938   3.922   3.908   3.896   3.884   3.874
3.603   3.575   3.550   3.529   3.511   3.494   3.480   3.467   3.455   3.445
3.313   3.284   3.259   3.237   3.218   3.202   3.187   3.173   3.161   3.150
3.102   3.073   3.048   3.025   3.006   2.989   2.974   2.960   2.948   2.936
2.943   2.913   2.887   2.865   2.845   2.828   2.812   2.798   2.785   2.774
2.818   2.788   2.761   2.739   2.719   2.701   2.685   2.671   2.658   2.646
2.717   2.687   2.660   2.637   2.617   2.599   2.583   2.568   2.555   2.544
2.635   2.604   2.577   2.554   2.533   2.515   2.499   2.484   2.471   2.459
2.565   2.534   2.507   2.484   2.463   2.445   2.428   2.413   2.400   2.388
2.507   2.475   2.448   2.424   2.403   2.385   2.368   2.353   2.340   2.328
2.456   2.425   2.397   2.373   2.352   2.333   2.317   2.302   2.288   2.276
2.413   2.381   2.353   2.329   2.308   2.289   2.272   2.257   2.243   2.230
2.374   2.342   2.314   2.290   2.269   2.250   2.233   2.217   2.203   2.191
2.340   2.308   2.280   2.256   2.234   2.215   2.198   2.182   2.168   2.155
2.310   2.278   2.250   2.225   2.203   2.184   2.167   2.151   2.137   2.124
2.283   2.250   2.222   2.197   2.176   2.156   2.139   2.123   2.109   2.096
2.259   2.226   2.198   2.173   2.151   2.131   2.114   2.098   2.084   2.071
2.236   2.204   2.175   2.150   2.128   2.109   2.091   2.075   2.061   2.048
2.216   2.183   2.155   2.130   2.108   2.088   2.070   2.054   2.040   2.027
2.198   2.165   2.136   2.111   2.089   2.069   2.051   2.035   2.021   2.007
2.181   2.148   2.119   2.094   2.072   2.052   2.034   2.018   2.003   1.990
2.166   2.132   2.103   2.078   2.056   2.036   2.018   2.002   1.987   1.974
2.151   2.118   2.089   2.064   2.041   2.021   2.003   1.987   1.972   1.959
2.138   2.104   2.075   2.050   2.027   2.007   1.989   1.973   1.958   1.945
2.126   2.092   2.063   2.037   2.015   1.995   1.976   1.960   1.945   1.932
2.114   2.080   2.051   2.026   2.003   1.983   1.965   1.948   1.933   1.920
2.103   2.070   2.040   2.015   1.992   1.972   1.953   1.937   1.922   1.908
2.093   2.060   2.030   2.004   1.982   1.961   1.943   1.926   1.911   1.898
2.084   2.050   2.021   1.995   1.972   1.952   1.933   1.917   1.902   1.888
2.075   2.041   2.012   1.986   1.963   1.942   1.924   1.907   1.892   1.878
2.067   2.033   2.003   1.977   1.954   1.934   1.915   1.899   1.883   1.870
2.059   2.025   1.995   1.969   1.946   1.926   1.907   1.890   1.875   1.861
2.051   2.017   1.988   1.962   1.939   1.918   1.899   1.883   1.867   1.853
2.044   2.010   1.981   1.954   1.931   1.911   1.892   1.875   1.860   1.846
2.038   2.003   1.974   1.948   1.924   1.904   1.885   1.868   1.853   1.839
2.031   1.997   1.967   1.941   1.918   1.897   1.879   1.862   1.846   1.832
2.025   1.991   1.961   1.935   1.912   1.891   1.872   1.855   1.840   1.826
2.020   1.985   1.955   1.929   1.906   1.885   1.866   1.849   1.834   1.820
2.014   1.980   1.950   1.924   1.900   1.879   1.861   1.844   1.828   1.814
2.009   1.974   1.945   1.918   1.895   1.874   1.855   1.838   1.823   1.808
2.004   1.969   1.940   1.913   1.890   1.869   1.850   1.833   1.817   1.803
1.999   1.965   1.935   1.908   1.885   1.864   1.845   1.828   1.812   1.798
1.995   1.960   1.930   1.904   1.880   1.859   1.840   1.823   1.807   1.793
1.990   1.956   1.926   1.899   1.876   1.855   1.836   1.819   1.803   1.789
1.986   1.952   1.921   1.895   1.871   1.850   1.831   1.814   1.798   1.784
1.982   1.947   1.917   1.891   1.867   1.846   1.827   1.810   1.794   1.780
1.978   1.944   1.913   1.887   1.863   1.842   1.823   1.806   1.790   1.776
1.975   1.940   1.910   1.883   1.859   1.838   1.819   1.802   1.786   1.772
1.971   1.936   1.906   1.879   1.856   1.835   1.816   1.798   1.782   1.768
1.968   1.933   1.903   1.876   1.852   1.831   1.812   1.795   1.779   1.764
1.964   1.930   1.899   1.873   1.849   1.828   1.809   1.791   1.775   1.761
1.961   1.926   1.896   1.869   1.846   1.824   1.805   1.788   1.772   1.757
1.958   1.923   1.893   1.866   1.842   1.821   1.802   1.785   1.769   1.754
1.955   1.920   1.890   1.863   1.839   1.818   1.799   1.781   1.766   1.751
1.952   1.917   1.887   1.860   1.836   1.815   1.796   1.778   1.763   1.748
1.949   1.915   1.884   1.857   1.834   1.812   1.793   1.776   1.760   1.745
1.947   1.912   1.882   1.855   1.831   1.809   1.790   1.773   1.757   1.742
1.944   1.909   1.879   1.852   1.828   1.807   1.787   1.770   1.754   1.739
1.942   1.907   1.876   1.849   1.826   1.804   1.785   1.767   1.751   1.737
1.939   1.904   1.874   1.847   1.823   1.802   1.782   1.765   1.749   1.734
1.937   1.902   1.871   1.845   1.821   1.799   1.780   1.762   1.746   1.732
1.935   1.900   1.869   1.842   1.818   1.797   1.777   1.760   1.744   1.729
1.932   1.897   1.867   1.840   1.816   1.795   1.775   1.758   1.742   1.727
1.930   1.895   1.865   1.838   1.814   1.792   1.773   1.755   1.739   1.725
1.928   1.893   1.863   1.836   1.812   1.790   1.771   1.753   1.737   1.722
1.926   1.891   1.861   1.834   1.810   1.788   1.769   1.751   1.735   1.720
1.924   1.889   1.859   1.832   1.808   1.786   1.767   1.749   1.733   1.718
1.922   1.887   1.857   1.830   1.806   1.784   1.765   1.747   1.731   1.716
1.921   1.885   1.855   1.828   1.804   1.782   1.763   1.745   1.729   1.714
1.919   1.884   1.853   1.826   1.802   1.780   1.761   1.743   1.727   1.712
1.917   1.882   1.851   1.824   1.800   1.778   1.759   1.741   1.725   1.710
1.915   1.880   1.849   1.822   1.798   1.777   1.757   1.739   1.723   1.708
1.914   1.878   1.848   1.821   1.797   1.775   1.755   1.738   1.721   1.707
1.912   1.877   1.846   1.819   1.795   1.773   1.754   1.736   1.720   1.705
1.910   1.875   1.845   1.817   1.793   1.772   1.752   1.734   1.718   1.703
1.909   1.874   1.843   1.816   1.792   1.770   1.750   1.733   1.716   1.702
1.907   1.872   1.841   1.814   1.790   1.768   1.749   1.731   1.715   1.700
1.906   1.871   1.840   1.813   1.789   1.767   1.747   1.729   1.713   1.698
1.905   1.869   1.838   1.811   1.787   1.765   1.746   1.728   1.712   1.697
1.903   1.868   1.837   1.810   1.786   1.764   1.744   1.726   1.710   1.695
1.902   1.867   1.836   1.808   1.784   1.762   1.743   1.725   1.709   1.694
1.900   1.865   1.834   1.807   1.783   1.761   1.741   1.724   1.707   1.692
1.899   1.864   1.833   1.806   1.782   1.760   1.740   1.722   1.706   1.691
1.898   1.863   1.832   1.804   1.780   1.758   1.739   1.721   1.705   1.690
1.897   1.861   1.830   1.803   1.779   1.757   1.737   1.720   1.703   1.688
1.895   1.860   1.829   1.802   1.778   1.756   1.736   1.718   1.702   1.687
1.894   1.859   1.828   1.801   1.776   1.755   1.735   1.717   1.701   1.686
1.893   1.858   1.827   1.800   1.775   1.753   1.734   1.716   1.699   1.684
1.892   1.857   1.826   1.798   1.774   1.752   1.733   1.715   1.698   1.683
1.891   1.856   1.825   1.797   1.773   1.751   1.731   1.713   1.697   1.682
1.890   1.854   1.823   1.796   1.772   1.750   1.730   1.712   1.696   1.681
1.889   1.853   1.822   1.795   1.771   1.749   1.729   1.711   1.695   1.680
1.888   1.852   1.821   1.794   1.770   1.748   1.728   1.710   1.694   1.679
1.887   1.851   1.820   1.793   1.769   1.747   1.727   1.709   1.693   1.678
1.886   1.850   1.819   1.792   1.768   1.746   1.726   1.708   1.691   1.676
